x = 583440.9060713239
y = 4491127.455404561

lat = 40.566719
lon = -74.01429
